Dock,Dock_U
-3.3410348892211914,0
